42.07	-0.155
42.09	-0.156
42.10	-0.156
42.12	
42.23	-0.152
42.24	
42.35	
42.46	-0.13799999999999998
42.47	-0.135
42.49	-0.132
42.51	-0.128
42.52	-0.125
42.53	-0.122
42.54	-0.119
42.55	-0.11499999999999999
42.57	
42.68	
42.79	-0.024
42.80	-0.02
42.81	-0.015
42.82	-0.006999999999999999
42.83	-0.003
42.84	0.002
42.86	0.007
42.87	0.012
42.88	0.016
42.89	0.022
42.90	0.026
42.91	0.03
42.92	
43.03	
43.14	
43.26	0.129
43.27	0.13
43.28	0.13
43.29	
43.40	0.132
43.41	0.131
43.42	0.13
43.43	
43.55	0.112
43.56	0.109
43.57	0.106
43.58	0.10400000000000001
43.59	
43.70	
43.82	0.031
43.83	0.028
43.84	0.022
43.85	
43.96	-0.02
43.97	
44.08	
44.19	-0.08399999999999999
44.20	-0.086
44.21	
44.32	-0.09899999999999999
44.33	
44.44	-0.095
44.45	-0.094
44.47	
44.58	-0.073
44.59	
44.70	-0.041999999999999996
44.72	-0.037000000000000005
44.74	-0.032
44.76	-0.027
44.77	-0.024
44.78	-0.02
44.79	-0.018
44.80	-0.013999999999999999
44.81	-0.01
44.82	-0.006999999999999999
44.83	-0.004
44.85	0.0
44.86	0.002
44.87	0.006
44.88	0.009000000000000001
44.89	
45.00	0.041999999999999996
45.01	0.045
45.02	0.048
45.03	0.05
45.04	0.053000000000000005
45.06	0.056999999999999995
45.07	
45.18	0.078
45.19	0.08
45.21	
45.32	
45.43	0.08600000000000001
45.44	0.08600000000000001
45.45	0.085
45.46	0.084
45.47	0.083
45.48	0.082
45.49	
45.61	0.065
45.62	0.062
45.63	0.061
45.64	0.057999999999999996
45.65	0.055999999999999994
45.66	0.054000000000000006
45.67	0.052000000000000005
45.68	0.049
45.70	0.046
45.71	
45.82	
45.93	-0.008
45.94	-0.011
45.95	
46.06	-0.038000000000000006
46.07	
46.18	-0.056999999999999995
46.19	-0.059
46.21	-0.06
46.22	-0.062
46.24	-0.063
46.25	-0.064
46.26	-0.064
46.27	
46.38	-0.06699999999999999
46.39	-0.06699999999999999
46.41	-0.06699999999999999
46.42	-0.066
46.44	-0.065
46.45	-0.064
46.46	-0.063
46.47	
46.58	-0.05
46.60	-0.047
46.61	-0.046
46.62	-0.044
46.63	-0.041999999999999996
46.64	-0.039999999999999994
46.65	-0.03899999999999999
46.66	-0.036000000000000004
46.67	
46.78	-0.013999999999999999
46.79	-0.011
46.81	
46.92	0.013
46.93	
47.04	0.034
47.05	0.036000000000000004
47.06	0.037000000000000005
47.07	0.039999999999999994
47.09	0.040999999999999995
47.10	0.041999999999999996
47.11	0.044
47.12	0.045
47.13	0.046
47.14	0.048
47.15	
47.26	0.056999999999999995
47.27	0.057999999999999996
47.29	0.057999999999999996
47.30	0.057999999999999996
47.31	0.057999999999999996
47.32	0.059
47.33	
47.44	0.056999999999999995
47.45	0.055999999999999994
47.47	
47.58	
47.69	
47.80	
47.91	-0.006
47.92	-0.006999999999999999
47.94	-0.01
47.95	-0.011
47.96	
48.07	-0.027
48.08	-0.029
48.09	-0.030000000000000002
48.11	-0.031000000000000003
48.12	-0.032
48.13	-0.034
48.14	-0.035
48.15	
48.26	
48.37	
48.48	-0.039999999999999994
48.49	-0.039999999999999994
48.50	-0.03899999999999999
48.52	
48.63	-0.027
48.64	-0.027
48.65	
48.76	-0.011
48.77	-0.01
48.79	
48.90	
49.01	0.02
49.02	
49.13	0.03
49.14	0.032
49.16	0.032
49.17	0.033
49.18	0.034
49.19	0.034
49.20	0.035
49.21	0.036000000000000004
49.22	0.036000000000000004
49.23	0.036000000000000004
49.24	0.037000000000000005
49.26	0.037000000000000005
49.27	0.037000000000000005
49.28	
49.39	0.038000000000000006
49.40	0.038000000000000006
49.41	
49.52	
49.63	
49.74	
49.85	0.002
49.86	0.001
49.87	0.0
49.89	-0.002
49.90	-0.003
49.92	-0.004
49.93	-0.006
49.94	-0.006999999999999999
49.96	-0.008
49.97	-0.009
49.98	-0.01
49.99	-0.011
50.00	
50.11	
50.22	-0.027
50.23	-0.027
50.24	-0.027
50.26	-0.028
50.27	
50.39	
50.50	-0.026
50.51	
50.62	
50.73	
50.84	0.0
50.85	0.0
50.86	0.001
50.87	0.002
50.89	0.003
50.90	
51.01	
51.12	
51.23	0.022
51.24	0.023
51.25	0.023
51.26	0.024
51.27	0.024
51.28	0.024
51.29	0.024
51.30	
51.41	0.024
51.42	0.023
51.44	
51.55	0.018000000000000002
51.56	0.018000000000000002
51.58	0.018000000000000002
51.59	0.017
51.60	0.017
51.61	0.016
51.62	0.016
51.64	0.014
51.65	0.014
51.66	0.013
51.67	
51.78	
51.89	-0.002
51.90	-0.002
51.91	-0.003
51.92	-0.003
51.93	-0.004
51.94	-0.004
51.96	-0.006
51.97	-0.006
51.99	
52.10	
52.21	-0.016
52.22	-0.016
52.23	-0.016
52.24	-0.016
52.25	-0.017
52.26	
52.37	-0.018
52.39	-0.018
52.40	-0.018
52.41	-0.017
52.42	-0.017
52.43	
52.54	-0.013999999999999999
52.56	-0.013999999999999999
52.57	-0.012
52.58	-0.012
52.60	-0.012
52.61	-0.011
52.62	
52.73	-0.006
52.74	-0.006
52.76	-0.004
52.77	-0.004
52.78	-0.003
52.79	-0.003
52.80	
52.91	
53.02	0.008
53.03	0.009000000000000001
53.04	
53.15	0.013
53.17	0.013
53.18	0.013
53.20	
53.31	0.014
53.32	0.014
53.33	0.014
53.34	
53.45	
53.56	0.01
53.57	0.01
53.59	0.01
53.60	0.01
53.61	
53.72	0.006
53.73	
53.84	
53.95	-0.003
53.97	-0.003
53.98	-0.004
53.99	-0.004
54.00	-0.004
54.01	-0.004999999999999999
54.02	
54.13	-0.008
54.14	
54.25	-0.01
54.26	
54.37	-0.01
54.39	-0.01
54.40	-0.01
54.41	-0.01
54.42	-0.01
54.44	-0.01
54.45	
54.56	-0.006999999999999999
54.57	
54.68	-0.004
54.69	-0.004
54.71	-0.003
54.72	
54.83	0.0
54.84	0.0
54.85	
54.96	
55.08	
55.19	0.008
55.20	0.008
55.21	0.008
55.22	
55.33	0.008
55.34	
55.45	0.008
55.46	
55.57	
55.69	
55.80	
55.91	
56.02	-0.003
56.03	-0.003
56.04	-0.003
56.05	-0.003
56.06	
56.17	-0.004
56.18	-0.004
56.19	-0.004
56.21	-0.004
56.22	-0.004
56.23	-0.004
56.24	-0.004
56.25	-0.004
56.26	-0.004
56.27	-0.004
56.28	-0.004
56.30	-0.004
56.31	-0.004
56.32	-0.004
56.33	-0.004
56.34	
56.45	-0.004
56.46	-0.004
56.47	-0.004
56.49	
56.60	
56.71	-0.002
56.72	-0.002
56.73	-0.001
56.75	
56.86	0.001
56.87	0.001
56.88	
56.99	0.002
57.00	0.002
57.01	0.002
57.02	
57.13	0.004
57.14	0.004
57.15	0.004
57.17	0.004
57.18	0.004
57.19	0.004
57.21	0.004
57.22	0.004
57.23	
57.34	0.004
57.35	0.004
57.36	
57.47	0.004
57.48	0.004
57.49	0.003
57.51	0.003
57.52	0.003
57.53	
57.64	0.002
57.65	
57.76	0.001
57.77	0.001
57.79	0.001
57.80	0.001
57.81	0.001
57.82	0.001
57.83	0.001
57.84	0.001
57.86	0.001
57.87	
57.98	0.0
57.99	0.0
