0.0	-0.08400000000000002
0.02	-0.08400000000000002
0.04	-0.08500000000000002
0.06	-0.08500000000000002
0.29	-0.088
0.41	-0.089
0.41	-0.089
0.53	-0.089
0.53	-0.089
0.65	-0.089
0.65	-0.089
0.66	-0.089
0.88	-0.09
0.89	-0.09
1.01	-0.08200000000000002
1.01	-0.08100000000000002
1.02	-0.08000000000000002
1.03	-0.07800000000000001
1.14	-0.047999999999999994
1.15	-0.045000000000000005
1.16	-0.043000000000000003
1.38	0.053
1.38	0.056
1.39	0.06
1.61	0.155
1.62	0.158
1.73	0.191
1.85	0.208
1.86	0.208
1.86	0.209
1.87	0.209
1.88	0.21
1.89	0.21
2.0	0.204
2.11	0.182
2.12	0.179
2.13	0.178
2.14	0.175
2.25	0.136
2.26	0.133
2.27	0.13
2.27	0.127
2.28	0.124
2.29	0.122
2.4	0.07200000000000001
2.73	-0.060000000000000005
2.73	-0.061000000000000006
2.74	-0.064
2.75	-0.065
2.75	-0.066
2.76	-0.068
2.77	-0.069
2.78	-0.07200000000000001
2.89	-0.08400000000000002
2.9	-0.08400000000000002
3.12	-0.049999999999999996
3.12	-0.047999999999999994
3.13	-0.046000000000000006
3.13	-0.044000000000000004
3.25	-0.0010000000000000009
3.25	0.0020000000000000018
3.26	0.0040000000000000036
3.27	0.006999999999999999
3.27	0.010000000000000002
3.28	0.012999999999999998
3.39	0.064
3.4	0.067
3.41	0.07100000000000001
3.52	0.119
3.64	0.16
3.75	0.189
3.86	0.20299999999999999
3.87	0.20299999999999999
3.87	0.20299999999999999
3.88	0.204
3.89	0.204
3.9	0.204
3.9	0.204
4.02	0.195
4.02	0.194
4.14	0.169
4.14	0.167
4.26	0.128
4.26	0.126
4.27	0.123
4.28	0.12
4.39	0.07200000000000001
4.4	0.07
4.4	0.067
4.41	0.064
4.42	0.062
4.42	0.059
4.43	0.055
4.43	0.052
4.55	0.0040000000000000036
4.55	0.0
4.67	-0.041
4.67	-0.043000000000000003
4.68	-0.045000000000000005
4.69	-0.047999999999999994
4.7	-0.048999999999999995
4.7	-0.051
4.71	-0.053
4.72	-0.054
4.72	-0.057
4.73	-0.058
4.74	-0.060000000000000005
4.85	-0.07700000000000001
4.86	-0.07800000000000001
4.86	-0.07800000000000001
4.98	-0.07400000000000001
4.98	-0.07300000000000001
5.1	-0.049999999999999996
5.1	-0.048999999999999995
5.11	-0.047999999999999994
5.12	-0.045000000000000005
5.12	-0.044000000000000004
5.34	0.042
5.35	0.044
5.46	0.094
5.47	0.097
5.47	0.1
5.59	0.143
5.59	0.144
5.71	0.177
5.71	0.179
5.72	0.18
5.73	0.181
5.84	0.19699999999999998
5.84	0.19799999999999998
5.85	0.19799999999999998
5.86	0.19799999999999998
5.97	0.195
5.98	0.195
6.09	0.175
6.1	0.174
6.1	0.17200000000000001
6.22	0.138
6.23	0.135
6.23	0.132
6.24	0.131
6.25	0.128
6.25	0.126
6.26	0.123
6.26	0.121
6.38	0.075
6.38	0.07200000000000001
6.5	0.024
6.5	0.022
6.51	0.019000000000000003
6.52	0.016
6.73	-0.057
6.74	-0.059000000000000004
6.75	-0.061000000000000006
6.76	-0.062000000000000006
6.76	-0.064
6.77	-0.065
6.88	-0.07600000000000001
6.89	-0.07600000000000001
6.9	-0.07600000000000001
6.9	-0.07600000000000001
6.91	-0.07600000000000001
7.02	-0.064
7.03	-0.062000000000000006
7.04	-0.060000000000000005
7.05	-0.058
7.05	-0.057
7.17	-0.025
7.28	0.018000000000000002
7.39	0.066
7.4	0.069
7.51	0.11499999999999999
7.73	0.179
7.74	0.18
7.74	0.181
7.86	0.193
7.97	0.19
7.98	0.189
8.2	0.14
8.31	0.099
8.42	0.052
8.43	0.05
8.44	0.047
8.76	-0.061000000000000006
8.77	-0.062000000000000006
8.78	-0.063
8.89	-0.07200000000000001
8.9	-0.07200000000000001
8.9	-0.07200000000000001
8.91	-0.07200000000000001
8.92	-0.07100000000000001
8.93	-0.07
8.93	-0.07
8.94	-0.07
8.95	-0.069
8.95	-0.069
8.96	-0.068
8.97	-0.068
8.97	-0.066
8.98	-0.066
8.99	-0.065
8.99	-0.064
9.11	-0.04
9.11	-0.037
9.12	-0.036
9.13	-0.032999999999999995
9.35	0.048
9.35	0.051000000000000004
9.47	0.097
9.47	0.1
9.48	0.10200000000000001
9.49	0.10400000000000001
9.6	0.143
9.61	0.146
9.61	0.148
9.62	0.15
9.63	0.152
9.74	0.178
9.75	0.179
9.75	0.18
9.76	0.18
9.77	0.182
9.88	0.19
10.21	0.132
10.21	0.131
10.22	0.128
10.23	0.126
10.23	0.123
10.24	0.121
10.25	0.119
10.26	0.11499999999999999
10.37	0.07200000000000001
10.38	0.069
10.38	0.066
10.39	0.063
10.4	0.06
10.41	0.057
10.41	0.054
10.42	0.051000000000000004
10.53	0.006999999999999999
10.54	0.0040000000000000036
10.55	0.0020000000000000018
10.56	-0.0010000000000000009
10.56	-0.003999999999999997
10.68	-0.04
10.68	-0.041
10.69	-0.043000000000000003
10.7	-0.045000000000000005
10.81	-0.065
10.82	-0.065
10.82	-0.065
10.83	-0.066
10.94	-0.066
10.95	-0.065
10.96	-0.065
10.96	-0.064
10.97	-0.064
11.08	-0.043000000000000003
11.09	-0.041
11.09	-0.04
11.1	-0.037
11.11	-0.036
11.12	-0.032999999999999995
11.12	-0.031999999999999994
11.13	-0.029000000000000005
11.24	0.010000000000000002
11.25	0.012000000000000004
11.26	0.015
11.37	0.059
11.38	0.062
11.38	0.064
11.39	0.067
11.61	0.144
11.62	0.146
11.62	0.148
11.74	0.174
11.74	0.175
11.75	0.175
11.87	0.185
11.98	0.18
11.99	0.179
12.21	0.128
12.22	0.126
12.22	0.123
12.23	0.12
12.24	0.119
12.24	0.11599999999999999
12.25	0.11399999999999999
12.26	0.111
12.27	0.108
12.27	0.106
12.28	0.10300000000000001
12.29	0.1
12.3	0.098
12.3	0.095
12.42	0.051000000000000004
12.53	0.006999999999999999
12.54	0.0040000000000000036
12.55	0.0020000000000000018
12.55	-0.0010000000000000009
12.56	-0.0030000000000000027
12.57	-0.0049999999999999975
12.68	-0.04
12.69	-0.041
12.69	-0.043000000000000003
12.7	-0.045000000000000005
12.81	-0.062000000000000006
13.04	-0.048999999999999995
13.04	-0.047999999999999994
13.05	-0.045000000000000005
13.06	-0.044000000000000004
13.06	-0.042
13.07	-0.041
13.08	-0.04
13.09	-0.037
13.09	-0.036
13.1	-0.032999999999999995
13.21	0.0030000000000000027
13.22	0.0049999999999999975
13.23	0.006999999999999999
13.23	0.010000000000000002
13.24	0.012000000000000004
13.25	0.015
13.25	0.017
13.37	0.06
13.59	0.138
13.92	0.18
14.03	0.167
14.14	0.142
14.15	0.14
14.16	0.138
14.27	0.10200000000000001
14.28	0.099
14.29	0.096
14.29	0.094
14.3	0.092
14.41	0.048
14.53	0.006999999999999999
14.53	0.0040000000000000036
14.54	0.0020000000000000018
14.55	-0.0010000000000000009
14.56	-0.0030000000000000027
14.56	-0.0049999999999999975
14.57	-0.008
14.58	-0.010000000000000002
14.58	-0.012000000000000004
14.59	-0.014000000000000005
14.6	-0.016999999999999994
14.61	-0.019999999999999997
14.61	-0.020999999999999998
14.62	-0.024
14.63	-0.025
14.63	-0.028000000000000004
14.64	-0.029000000000000005
14.65	-0.031999999999999994
14.66	-0.032999999999999995
14.66	-0.033999999999999996
14.67	-0.037
14.67	-0.038
14.68	-0.04
14.69	-0.041
14.7	-0.042
14.7	-0.044000000000000004
14.81	-0.060000000000000005
14.82	-0.061000000000000006
14.94	-0.060000000000000005
14.94	-0.058
14.95	-0.058
15.06	-0.039
15.07	-0.037
15.18	-0.003999999999999997
15.19	-0.0020000000000000018
15.41	0.078
15.41	0.08
15.53	0.119
15.53	0.122
15.54	0.123
15.55	0.125
15.55	0.127
15.67	0.156
15.67	0.157
15.68	0.159
15.68	0.16
15.69	0.161
15.7	0.163
15.71	0.164
15.82	0.176
15.93	0.175
15.94	0.174
15.94	0.174
15.95	0.173
15.96	0.17200000000000001
15.96	0.17200000000000001
15.97	0.171
15.98	0.17
15.98	0.17
15.99	0.168
15.99	0.168
16.21	0.11599999999999999
16.22	0.11399999999999999
16.23	0.112
16.23	0.111
16.24	0.108
16.25	0.106
16.25	0.10400000000000001
16.26	0.10200000000000001
16.26	0.099
16.27	0.098
16.28	0.095
16.28	0.092
16.29	0.091
16.3	0.088
16.41	0.047
16.52	0.005999999999999998
16.53	0.0030000000000000027
16.54	0.0020000000000000018
16.56	-0.005999999999999998
16.57	-0.009000000000000001
16.59	-0.015999999999999993
16.6	-0.016999999999999994
16.61	-0.019999999999999997
16.72	-0.046000000000000006
16.73	-0.047999999999999994
16.73	-0.048999999999999995
16.85	-0.058
16.96	-0.053
16.97	-0.052
16.97	-0.051
17.09	-0.028000000000000004
17.09	-0.026000000000000002
17.1	-0.024
17.11	-0.022
17.12	-0.019999999999999997
17.12	-0.017999999999999995
17.24	0.018000000000000002
17.24	0.019999999999999997
17.25	0.023
17.26	0.025
17.26	0.028
17.27	0.03
17.28	0.032
17.39	0.074
17.51	0.113
17.51	0.11499999999999999
17.52	0.11699999999999999
17.53	0.119
17.53	0.121
17.64	0.15
17.65	0.152
17.66	0.154
17.67	0.155
17.78	0.17
17.79	0.171
17.8	0.171
17.8	0.17200000000000001
17.81	0.17200000000000001
17.92	0.171
17.93	0.17
17.94	0.17
17.94	0.169
17.95	0.168
17.96	0.168
17.97	0.167
17.97	0.166
17.98	0.165
17.99	0.164
17.99	0.163
18.0	0.162
18.12	0.139
18.12	0.138
18.13	0.135
18.24	0.10200000000000001
18.25	0.099
18.36	0.06
18.37	0.058
18.38	0.055
18.49	0.015
18.5	0.012000000000000004
18.51	0.011000000000000003
18.51	0.008
18.52	0.005999999999999998
18.53	0.0030000000000000027
18.53	0.0
18.65	-0.031999999999999994
18.66	-0.032999999999999995
18.67	-0.034999999999999996
18.67	-0.037
18.68	-0.038
18.69	-0.04
18.8	-0.054
18.81	-0.054
18.82	-0.055
18.82	-0.056
18.94	-0.052
18.94	-0.049999999999999996
18.95	-0.049999999999999996
18.96	-0.048999999999999995
18.96	-0.047999999999999994
18.97	-0.047999999999999994
18.98	-0.046000000000000006
18.98	-0.045000000000000005
18.99	-0.044000000000000004
19.1	-0.019999999999999997
19.11	-0.016999999999999994
19.23	0.018000000000000002
19.23	0.019999999999999997
19.24	0.023
19.25	0.026
19.25	0.028
19.26	0.03
19.27	0.032
19.38	0.074
19.39	0.076
19.4	0.079
19.41	0.082
19.42	0.084
19.42	0.087
19.54	0.123
19.65	0.15
19.66	0.151
19.67	0.152
19.67	0.154
19.68	0.155
19.69	0.156
19.7	0.158
19.7	0.159
19.82	0.168
19.82	0.169
19.83	0.169
19.84	0.169
19.85	0.169
19.86	0.169
19.86	0.169
19.98	0.16
20.09	0.14
20.1	0.138
20.11	0.136
20.22	0.106
20.23	0.10300000000000001
20.23	0.101
20.24	0.099
20.26	0.092
20.27	0.088
20.28	0.087
20.29	0.082
20.41	0.042
20.41	0.039
20.53	0.0020000000000000018
20.53	0.0
20.54	-0.0020000000000000018
20.66	-0.032999999999999995
20.67	-0.033999999999999996
20.67	-0.036
20.68	-0.037
20.69	-0.038
20.7	-0.04
20.7	-0.041
20.71	-0.042
20.72	-0.044000000000000004
20.72	-0.044000000000000004
20.73	-0.045000000000000005
20.84	-0.053
20.96	-0.045000000000000005
20.96	-0.044000000000000004
20.97	-0.044000000000000004
20.98	-0.042
20.98	-0.041
20.99	-0.04
21.1	-0.015999999999999993
21.22	0.019000000000000003
21.22	0.019999999999999997
21.23	0.023
21.45	0.096
21.46	0.099
21.46	0.101
21.47	0.10300000000000001
21.48	0.10500000000000001
21.48	0.107
21.49	0.11
21.5	0.111
21.5	0.11399999999999999
21.51	0.11499999999999999
21.52	0.11699999999999999
21.52	0.119
21.53	0.12
21.54	0.122
21.54	0.124
21.55	0.126
21.56	0.127
21.56	0.129
21.68	0.152
21.79	0.164
21.8	0.164
21.81	0.164
21.81	0.165
21.93	0.162
21.93	0.16
21.94	0.16
21.94	0.159
21.95	0.159
21.96	0.158
21.96	0.158
22.08	0.138
22.3	0.075
22.41	0.036000000000000004
22.53	0.0
