0.00	-0.030	
0.11	-0.028	0.009
0.13	-0.028	0.009
0.14	-0.028	0.009
0.16	-0.028	0.009
0.17		0.009
0.28	-0.023	0.009
0.30	-0.022	0.009
0.31	-0.022	0.009
0.32	-0.020	0.009
0.34	-0.020	0.008
0.35	-0.019	0.008
0.37	-0.018	0.008
0.38	-0.018	
0.49	-0.010	0.007
0.51	-0.008	0.007
0.52		
0.73		0.003
0.84	0.012	0.003
0.86	0.013	0.002
0.87	0.013	0.001
0.88	0.014	0.001
0.89	0.014	0.001
0.91		0.000
1.02	0.017	
1.13	0.017	
1.24	0.016	-0.003
1.26	0.015	-0.003
1.27		
1.48		-0.004
1.60	0.004	-0.004
1.61	0.002	-0.004
1.63	0.002	
1.74	-0.002	-0.003
1.75	-0.003	-0.003
1.77	-0.003	-0.003
1.78		-0.001
1.90	-0.007	0.000
1.91	-0.007	0.000
1.92	-0.007	0.000
1.94	-0.008	
2.05	-0.010	0.001
2.07		0.004
2.18	-0.011	0.004
2.19		0.005
2.31	-0.010	0.005
2.32		0.007
2.44	-0.008	0.007
2.45	-0.008	0.007
2.47	-0.008	0.008
2.48	-0.008	0.008
2.49		0.008
2.60	-0.007	
2.72	-0.006	0.009
2.73	-0.005	
2.84	-0.004	0.009
2.85		0.008
2.97	-0.004	0.008
2.98		0.007
3.09		0.005
3.20	-0.004	
3.32	-0.004	0.004
3.33	-0.004	0.004
3.35	-0.004	0.004
3.36	-0.004	0.004
3.37	-0.004	0.003
3.39	-0.004	0.003
3.40	-0.004	
3.51	-0.004	0.001
3.53	-0.004	0.001
3.54	-0.004	0.001
3.55	-0.004	0.000
3.57		-0.001
3.68	-0.003	-0.001
3.69	-0.003	-0.001
3.70	-0.003	
3.81	-0.002	-0.003
3.83	-0.002	-0.003
3.84		-0.004
3.95	0.000	-0.004
3.97	0.000	-0.004
3.98	0.001	-0.004
3.99		
4.20		-0.003
4.31	0.005	-0.003
4.33	0.005	-0.003
4.34	0.005	-0.003
4.36	0.005	-0.003
4.37	0.005	-0.003
4.38	0.005	
4.50	0.006	-0.001
4.51	0.006	-0.001
4.52	0.006	0.000
4.54		0.001
4.65	0.005	0.001
4.66	0.005	0.001
4.68		0.003
4.79	0.004	
4.90	0.001	0.005
4.91	0.001	0.005
4.93	0.001	
5.04	-0.002	0.007
5.06		
5.27	-0.008	0.008
5.28	-0.008	
5.39	-0.011	0.009
5.41	-0.012	0.009
5.42	-0.012	
5.54	-0.014	0.009
5.55	-0.014	0.009
5.56	-0.014	0.009
5.57	-0.015	0.009
5.59		0.008
5.70		0.007
5.81	-0.015	0.007
5.82	-0.015	0.007
5.84		0.005
5.95	-0.012	
6.06	-0.010	0.004
6.07	-0.010	
6.19	-0.006	0.002
6.20		0.000
6.31	-0.002	0.000
6.32		-0.001
6.44		-0.003
6.55		-0.003
6.66	0.008	-0.003
6.67	0.009	-0.003
6.69	0.009	-0.003
6.70	0.009	-0.004
6.71	0.009	-0.004
6.73	0.009	-0.004
6.74	0.009	-0.004
6.75	0.009	
6.86	0.010	-0.004
6.88	0.010	-0.004
6.89	0.010	
7.00		-0.003
7.11	0.008	-0.003
7.13		-0.001
7.24	0.006	-0.001
7.25	0.006	-0.001
7.27	0.005	-0.001
7.28		0.001
7.39	0.002	0.001
7.41	0.002	0.001
7.42		0.003
7.53	0.000	0.003
7.54	0.000	
7.65		0.007
7.77	-0.006	0.007
7.78	-0.007	0.007
7.79		
8.01	-0.011	0.009
8.02		0.009
8.13	-0.013	
8.25	-0.014	0.009
8.26	-0.014	0.009
8.27		0.008
8.38	-0.013	0.008
8.40		0.007
8.51	-0.011	0.007
8.52	-0.011	
8.63	-0.010	0.004
8.65		0.003
8.76	-0.006	0.003
8.77	-0.006	
8.89	-0.003	
9.00	0.001	
9.11	0.004	-0.003
9.12	0.004	-0.003
9.14		-0.004
9.25	0.006	-0.004
9.26		-0.004
9.37	0.009	-0.004
9.39	0.009	-0.004
9.40	0.009	-0.004
9.41		-0.003
9.53	0.009	-0.003
9.54	0.009	
9.65		0.000
9.77	0.006	0.000
9.78	0.006	0.000
9.79	0.006	0.001
9.81	0.006	
9.92	0.004	
10.03	0.001	
10.15		
10.36	-0.010	
10.47	-0.013	0.009
10.49	-0.014	0.009
10.50	-0.014	0.009
10.51	-0.014	0.009
10.53	-0.014	0.009
10.54	-0.015	
10.65	-0.016	0.008
10.67	-0.016	
10.78	-0.016	
10.89	-0.015	0.003
10.91	-0.015	
11.02	-0.012	0.001
11.03	-0.011	
11.15	-0.007	-0.001
11.16	-0.006	-0.001
11.17		-0.003
11.28	0.000	-0.003
11.30	0.001	
11.41	0.006	-0.004
11.42	0.006	
11.54	0.010	-0.004
11.55		-0.003
11.66		-0.001
11.77	0.015	
11.89		0.003
12.00	0.012	0.003
12.01		0.005
12.12		0.007
12.23	0.002	
12.35	-0.004	
12.46	-0.011	
12.57	-0.016	
12.69	-0.021	0.008
12.70	-0.022	0.008
12.71	-0.022	0.008
12.73	-0.022	0.008
12.74	-0.023	
12.85	-0.024	0.007
12.87		
13.08	-0.020	
13.19	-0.015	0.001
13.21		-0.001
13.32	-0.007	-0.001
13.33		-0.003
13.44	0.002	-0.003
13.46	0.004	-0.003
13.47		-0.004
13.58	0.012	-0.004
13.60	0.013	-0.004
13.61	0.013	
13.72	0.018	-0.004
13.73	0.018	
13.85		
14.06		0.003
14.17	0.015	0.003
14.19	0.014	0.003
14.20		0.005
14.31		0.007
14.43		0.008
14.54		0.009
14.65	-0.016	0.009
14.66	-0.018	0.009
14.68	-0.019	0.009
14.69	-0.019	0.009
14.71	-0.020	0.009
14.72	-0.021	0.009
14.73	-0.022	0.009
14.74	-0.022	0.009
14.76	-0.023	
14.87	-0.027	0.008
14.88	-0.028	0.008
14.89		0.007
15.01	-0.030	
15.12	-0.027	0.005
15.13	-0.027	0.005
15.14	-0.027	0.005
15.16		0.003
15.27	-0.020	0.003
15.28	-0.019	0.002
15.29	-0.019	
15.40	-0.011	0.000
15.42	-0.010	0.000
15.43		-0.003
15.54	0.001	-0.003
15.56		-0.003
15.67	0.012	-0.003
15.68	0.012	-0.004
15.69	0.013	
15.81	0.020	-0.004
15.82		-0.004
15.93	0.025	-0.003
15.94		-0.003
16.06	0.026	
16.17	0.024	
16.28	0.019	0.001
16.30	0.018	
16.41	0.011	0.004
16.42	0.010	0.004
16.44	0.009	0.005
16.45	0.008	
16.56	-0.002	
16.68	-0.011	0.008
16.69		
16.90		
17.11	-0.032	0.008
17.13	-0.032	
17.24	-0.031	0.005
17.25	-0.030	0.005
17.27	-0.030	0.005
17.28		0.003
17.39	-0.022	0.003
17.41	-0.021	
17.52		-0.001
17.63		-0.003
17.75		-0.004
17.86	0.018	-0.004
17.87	0.020	-0.004
17.89		-0.004
18.00	0.026	-0.004
18.01	0.027	-0.004
18.03	0.028	-0.004
18.04	0.028	-0.004
18.05	0.028	-0.004
18.06	0.028	-0.004
18.07	0.029	
18.19	0.029	-0.003
18.20	0.029	-0.002
18.21	0.028	-0.001
18.22	0.028	-0.001
18.24		0.000
18.35		0.003
18.47	0.017	0.003
18.48	0.016	
18.59	0.006	0.005
18.60	0.005	0.005
18.62	0.004	0.005
18.63	0.003	0.005
18.64		0.007
18.76		0.008
18.87	-0.019	0.008
18.88	-0.019	0.009
18.89		0.009
19.00	-0.028	
19.12	-0.034	0.009
19.13	-0.034	
19.24	-0.035	
19.36	-0.032	0.005
19.37	-0.031	0.005
19.39		
19.60	-0.016	0.001
19.61	-0.015	0.001
19.62	-0.014	0.001
19.64	-0.012	0.000
19.65	-0.011	0.000
19.66	-0.010	0.000
19.68	-0.008	0.000
19.69	-0.007	0.000
19.70		-0.003
19.82	0.006	
19.93		-0.004
20.04	0.025	-0.004
20.05	0.025	-0.004
20.07	0.026	-0.004
20.08	0.026	
20.19	0.030	-0.003
20.20	0.030	-0.003
20.21		-0.002
20.33		0.000
20.44		0.002
20.55	0.020	0.003
20.56	0.018	0.003
20.58	0.018	0.003
20.59		0.005
20.70	0.007	0.005
20.71	0.006	
20.83		0.008
20.94	-0.016	0.008
20.95	-0.018	0.008
20.96	-0.018	0.008
20.98	-0.019	0.009
20.99	-0.020	0.009
21.00	-0.022	0.009
21.02		0.009
21.13		0.008
21.24	-0.035	
21.35	-0.036	0.007
21.37	-0.036	
21.48	-0.034	0.005
21.49	-0.032	0.005
21.51	-0.032	
21.62	-0.024	0.003
21.63	-0.023	0.002
21.64	-0.022	
21.76	-0.011	
21.87	0.001	-0.002
21.88	0.002	
21.99	0.014	
22.10		-0.004
22.22	0.030	-0.004
22.23		-0.003
22.34	0.033	
22.46		0.001
22.57	0.026	
22.68	0.018	0.004
22.70	0.017	0.004
22.71	0.016	
22.82	0.005	0.007
22.84	0.004	0.007
22.85	0.002	0.007
22.86	0.001	0.007
22.88	0.000	0.007
22.89	-0.002	0.007
22.90	-0.003	0.008
22.91	-0.005	
23.03	-0.017	0.009
23.04		0.009
23.15	-0.028	0.009
23.17	-0.030	0.009
23.18	-0.031	0.009
23.19	-0.031	0.009
23.20	-0.032	0.009
23.22	-0.034	0.009
23.23	-0.034	0.009
23.24	-0.035	0.009
23.25		0.008
23.37	-0.039	
23.48	-0.039	0.005
23.49	-0.039	0.005
23.51	-0.039	0.005
23.52	-0.038	
23.63	-0.031	
23.74	-0.022	0.001
23.76	-0.020	0.000
23.77		-0.001
23.89	-0.006	
24.00	0.008	
24.11	0.021	-0.004
24.12	0.022	-0.004
24.14		-0.004
24.25	0.032	
24.36	0.037	
24.47		
24.69	0.026	
24.80	0.016	0.005
24.81		0.008
24.93		0.009
25.04	-0.012	
25.15	-0.026	0.009
25.16	-0.027	0.009
25.18		0.008
25.29	-0.038	0.008
25.30		
25.51	-0.044	
25.63	-0.039	0.003
25.64		0.000
25.75	-0.028	
25.86	-0.015	-0.001
25.88	-0.014	
25.99	0.002	-0.003
26.00	0.004	-0.003
26.01	0.005	-0.003
26.03	0.008	-0.004
26.04	0.009	
26.15	0.024	
26.27	0.034	-0.003
26.28	0.036	-0.003
26.29		-0.001
26.41	0.042	-0.001
26.42	0.042	-0.001
26.43		
26.65	0.037	0.003
26.66	0.036	0.004
26.67	0.034	0.004
26.68	0.034	0.004
26.70	0.033	
26.81		0.008
26.92	0.008	0.008
26.94	0.005	0.008
26.95	0.004	0.008
26.96	0.001	0.008
26.98	0.000	0.008
26.99	-0.002	0.008
27.00		0.009
27.11	-0.019	
27.23	-0.034	0.009
27.24	-0.035	0.008
27.25	-0.036	0.008
27.26	-0.038	
27.38	-0.047	
27.49	-0.050	0.005
27.50		0.003
27.61	-0.047	
27.72		-0.001
27.84	-0.024	-0.002
27.85	-0.022	
27.96	-0.005	-0.003
27.97	-0.003	-0.003
27.99	-0.001	
28.10		-0.004
28.21	0.032	-0.003
28.23		-0.002
28.34	0.045	
28.45	0.049	0.000
28.46	0.049	0.000
28.48		0.003
28.59		
28.80	0.028	0.007
28.82	0.026	0.007
28.83		0.008
28.94	0.008	0.008
28.96		0.009
29.07	-0.014	
29.18	-0.031	0.008
29.20		0.007
29.31	-0.047	
29.42	-0.055	
29.53	-0.056	
29.65	-0.050	0.000
29.66	-0.049	0.000
29.67	-0.048	
29.79	-0.034	-0.002
29.80		-0.003
29.91	-0.014	-0.003
29.93	-0.011	-0.004
29.94	-0.009	-0.004
29.95	-0.007	-0.004
29.96		-0.004
30.07	0.016	-0.004
30.09		-0.003
30.20	0.036	-0.003
30.21	0.037	
30.32		0.001
30.44		0.004
30.55	0.055	0.004
30.56	0.054	0.004
30.58	0.054	0.004
30.59	0.053	0.004
30.60	0.052	0.004
30.61	0.052	
30.73	0.041	0.007
30.74	0.040	0.007
30.75	0.038	0.007
30.77	0.036	0.008
30.78	0.034	0.008
30.80	0.032	0.008
30.81	0.030	0.008
30.82		
31.03	-0.010	0.009
31.05	-0.012	0.009
31.06	-0.015	0.009
31.07	-0.018	0.009
31.09		0.008
31.20		0.006
31.31	-0.054	0.005
31.32		0.004
31.44	-0.062	
31.55	-0.062	0.001
31.56		-0.001
31.68	-0.051	-0.001
31.69		-0.003
31.80	-0.032	-0.003
31.82		-0.004
31.93	-0.008	-0.004
31.94	-0.005	-0.004
31.96	-0.002	-0.004
31.97	0.001	
32.08	0.024	
32.19	0.043	-0.001
32.21		
32.42		0.005
32.53	0.062	0.005
32.55	0.062	0.005
32.56	0.061	0.005
32.57	0.060	0.005
32.59	0.059	0.006
32.60	0.058	0.007
32.61	0.057	
32.73		
32.94	0.005	
33.05	-0.019	0.008
33.07	-0.022	0.008
33.08		0.007
33.19	-0.046	0.007
33.21		
33.42	-0.068	0.001
33.43		
33.64		
33.86	-0.017	-0.004
33.87	-0.014	-0.004
33.88	-0.011	-0.004
33.89	-0.008	
34.00	0.017	
34.12	0.040	-0.001
34.13	0.042	-0.001
34.14	0.045	0.000
34.15	0.047	0.000
34.17		0.003
34.28	0.064	0.003
34.29		0.005
34.41		0.007
34.52	0.068	0.007
34.53	0.066	0.008
34.55	0.065	0.008
34.56	0.064	0.008
34.58		0.009
34.69		0.009
34.80	0.027	0.009
34.81	0.024	
34.93	-0.002	0.008
34.94		0.005
35.06	-0.031	0.005
35.07	-0.034	0.005
35.08	-0.036	
35.20		
35.41	-0.074	-0.001
35.42	-0.074	-0.002
35.44	-0.074	-0.003
35.45	-0.074	-0.003
35.46	-0.072	
35.58	-0.062	-0.004
35.59		-0.004
35.70	-0.040	-0.004
35.72	-0.038	
35.83		-0.001
35.95	0.017	0.000
35.96	0.021	0.000
35.97	0.024	
36.09	0.048	0.003
36.10	0.050	
36.21	0.068	0.005
36.22	0.069	0.005
36.24	0.070	0.005
36.25	0.071	0.006
36.26	0.072	0.007
36.28	0.073	0.007
36.29	0.074	
36.40	0.075	0.008
36.41		0.009
36.53	0.066	0.009
36.54	0.064	
36.65	0.047	0.008
36.66		0.007
36.78	0.021	
36.89	-0.007	0.004
36.90		
37.12	-0.056	0.000
37.13		-0.003
37.24	-0.072	-0.003
37.25	-0.072	
37.37		
37.58	-0.051	
37.69	-0.027	-0.001
37.71	-0.024	0.000
37.72	-0.022	0.000
37.73	-0.019	0.000
37.74	-0.015	0.000
37.76	-0.012	0.000
37.77		0.003
37.88		0.005
37.99	0.044	
38.11	0.062	0.008
38.12	0.064	0.008
38.14	0.066	0.008
38.15	0.068	0.008
38.16	0.069	
38.28	0.074	0.009
38.29	0.074	0.009
38.30	0.074	0.009
38.31	0.074	0.009
38.33	0.074	
38.44	0.066	0.008
38.45	0.064	
38.56	0.048	
38.68	0.026	0.003
38.69	0.023	0.003
38.70		0.000
38.82	-0.007	0.000
38.83		
39.04		
39.25		-0.001
39.36		0.000
39.48	-0.051	0.001
39.49	-0.049	0.001
39.51	-0.047	
39.62	-0.025	0.004
39.63	-0.023	0.004
39.65	-0.020	
39.76	0.005	
39.87	0.028	0.008
39.88	0.030	0.009
39.90	0.032	0.009
39.91		0.009
40.02	0.051	
40.13	0.061	0.008
40.15		0.007
40.26	0.062	
40.37	0.054	
40.49	0.041	0.001
40.50	0.040	0.000
40.51	0.037	0.000
40.52	0.036	0.000
40.54		-0.003
40.65	0.013	-0.003
40.66	0.010	
40.77	-0.011	
40.89	-0.030	-0.004
40.90	-0.032	-0.004
40.91	-0.034	-0.004
40.92	-0.035	
41.04	-0.048	-0.002
41.05		0.000
41.16		0.003
41.27	-0.054	
41.39		0.008
41.50		
41.71	0.001	0.009
41.72		0.008
41.84	0.020	0.008
41.85	0.021	0.008
41.86	0.023	0.008
41.88	0.025	
41.99	0.036	0.005
42.00	0.037	
42.11	0.043	0.002
42.13	0.044	
42.24	0.044	-0.001
42.25	0.043	-0.001
42.27	0.042	
42.38	0.036	-0.003
42.39	0.036	
42.51	0.025	-0.004
42.52	0.023	-0.004
42.53		-0.003
42.64	0.008	
42.76		0.001
42.87	-0.020	
42.98	-0.031	
43.10	-0.038	0.007
43.11	-0.038	0.007
43.12	-0.039	0.007
43.14		0.008
43.25	-0.040	0.009
43.26	-0.040	
43.38		0.008
43.49	-0.029	0.008
43.50	-0.028	0.008
43.52	-0.027	
43.63		
43.84	0.008	
43.96	0.018	
44.07	0.027	-0.003
44.08	0.028	
44.19	0.033	
44.31	0.034	-0.003
44.32	0.034	-0.003
44.33	0.033	-0.003
44.35	0.033	
44.46	0.029	-0.001
44.48	0.029	0.000
44.49	0.028	0.000
44.50	0.026	
44.62	0.018	0.003
44.63	0.017	0.003
44.64	0.016	0.003
44.65	0.015	0.004
44.67	0.013	0.004
44.68		0.007
44.79	0.001	0.007
44.80	-0.001	0.007
44.82		0.008
44.93	-0.015	0.008
44.94	-0.016	0.009
44.96		0.009
45.07	-0.028	0.009
45.08	-0.030	
45.20	-0.038	0.008
45.21		0.006
45.32	-0.041	0.005
45.34	-0.041	0.005
45.35	-0.041	0.005
45.36	-0.040	
45.48	-0.038	
45.59	-0.029	
45.70	-0.018	-0.003
45.71	-0.015	-0.003
45.73	-0.014	-0.003
45.74		-0.004
45.85	0.002	-0.004
45.86	0.004	-0.004
45.88		-0.004
45.99	0.020	
46.10	0.030	-0.001
46.11	0.032	
46.22		0.003
46.34	0.041	0.004
46.35	0.041	
46.46	0.037	0.007
46.47		
46.69	0.016	0.009
46.70		
46.91	-0.016	0.008
46.92		0.005
47.04	-0.032	
47.15	-0.043	
47.26		-0.003
47.38	-0.047	-0.003
47.39	-0.046	-0.003
47.40	-0.046	-0.003
47.42	-0.044	
47.53	-0.035	-0.004
47.55	-0.034	
47.66	-0.018	
47.77	0.000	
47.88		
48.09		0.008
48.21	0.046	0.008
48.22	0.046	
48.33		
48.54		
48.76	-0.007	0.004
48.77	-0.008	0.003
48.79	-0.011	0.003
48.80	-0.013	0.003
48.81	-0.015	
48.92		-0.003
49.04	-0.042	
49.15	-0.048	-0.004
49.16	-0.048	
49.27	-0.047	-0.004
49.29		
49.50	-0.025	
49.61	-0.008	
49.72		0.008
49.84	0.024	0.008
49.85	0.026	0.008
49.86		0.009
49.98	0.037	0.009
49.99		0.009
50.10	0.042	0.009
50.12	0.042	
50.23	0.038	0.007
50.25	0.038	0.007
50.26	0.037	0.007
50.27	0.036	0.007
50.29	0.036	0.005
50.30	0.034	0.005
50.31	0.033	
50.43	0.022	0.003
50.44	0.021	0.003
50.46		0.000
50.57	0.005	-0.001
50.58	0.002	-0.001
50.60	0.001	-0.001
50.61	-0.001	-0.001
50.62	-0.003	
50.74	-0.018	-0.003
50.75	-0.019	-0.004
50.77	-0.020	-0.004
50.78	-0.022	-0.004
50.79	-0.023	-0.004
50.81	-0.025	-0.004
50.82		-0.004
50.93	-0.035	
51.05	-0.038	-0.001
51.06	-0.038	
51.17		0.004
51.29	-0.030	0.004
51.30	-0.028	
51.41	-0.018	0.007
51.42	-0.016	0.007
51.44		0.008
51.55	-0.003	
51.66	0.009	0.009
51.68	0.010	0.009
51.69	0.011	0.009
51.70		0.008
51.82	0.021	0.008
51.83	0.021	0.007
51.85	0.022	
51.96	0.026	0.004
51.97		0.001
52.09		-0.001
52.20		-0.003
52.31	0.016	-0.003
52.32	0.016	-0.003
52.34	0.014	-0.004
52.35	0.013	-0.004
52.36	0.013	
52.48	0.005	-0.004
52.49		-0.003
52.60	-0.004	-0.002
52.62	-0.006	-0.001
52.63	-0.007	-0.001
52.65		0.001
52.76	-0.014	0.001
52.77	-0.015	0.002
52.79	-0.015	0.003
52.80	-0.016	
52.91	-0.020	0.005
52.93	-0.021	
53.04		0.009
53.15		0.009
53.27	-0.020	0.009
53.28	-0.020	0.008
53.29	-0.020	0.008
53.31	-0.019	0.008
53.32	-0.019	0.008
53.33	-0.019	0.008
53.35	-0.018	
53.46	-0.014	0.005
53.47	-0.012	
53.59	-0.007	0.002
53.60		-0.001
53.71	0.001	-0.001
53.73	0.001	-0.001
53.74		-0.003
53.85		-0.004
53.97		-0.003
54.08	0.017	-0.003
54.09		-0.001
54.21	0.018	0.000
54.22		
54.43	0.014	0.005
54.45		0.008
54.56		0.009
54.67	0.000	0.009
54.69	-0.001	
54.80	-0.010	0.009
54.81		0.007
54.93	-0.018	0.007
54.94		
55.15	-0.027	
55.27	-0.027	-0.001
55.28	-0.027	
55.39	-0.023	-0.003
55.40	-0.022	
55.52	-0.015	-0.004
55.53	-0.014	-0.004
55.54	-0.012	-0.004
55.55	-0.011	-0.004
55.57	-0.011	-0.004
55.58	-0.010	-0.003
55.59	-0.008	-0.003
55.60		-0.001
55.72	0.004	-0.001
55.73	0.005	-0.001
55.74	0.006	0.000
55.76	0.007	
55.87	0.016	0.003
55.88	0.017	
56.00	0.024	
56.11	0.026	0.008
56.12	0.026	0.008
56.14		0.009
56.25	0.024	0.009
56.26		0.008
56.38	0.016	0.008
56.39	0.016	0.008
56.41	0.014	0.008
56.42		0.005
56.53	0.004	0.005
56.55	0.002	0.005
56.56	0.001	
56.67		-0.001
56.79	-0.019	-0.001
56.80	-0.020	-0.001
56.81	-0.022	
56.92		
57.13	-0.028	-0.003
57.15	-0.027	-0.003
57.16	-0.027	
57.27	-0.020	-0.001
57.29	-0.019	
57.40	-0.011	0.003
57.42	-0.010	0.003
57.43	-0.008	0.003
57.45		0.006
57.56	0.004	0.007
57.57	0.005	
57.68		0.009
57.80	0.018	
57.91	0.021	0.008
57.92		0.007
58.04	0.020	0.006
58.05	0.019	0.005
58.07	0.018	0.005
58.08	0.018	0.005
58.10	0.018	0.005
58.11	0.017	
58.22	0.011	
58.33	0.004	
58.45	-0.003	-0.003
58.46	-0.004	-0.003
58.48		-0.004
58.59		-0.003
58.70	-0.016	-0.003
58.71	-0.016	-0.003
58.73	-0.017	-0.003
58.74		0.000
58.85	-0.018	
58.97	-0.018	0.003
58.98	-0.017	0.004
58.99	-0.016	
59.11	-0.014	0.007
59.12	-0.013	0.007
59.13	-0.012	0.007
59.15	-0.012	0.007
59.16	-0.011	
59.27	-0.007	0.009
59.28	-0.007	0.009
59.30		0.009
59.41	-0.002	
59.52	0.001	0.007
59.54	0.002	0.007
59.55		
59.76	0.005	0.001
59.78	0.005	
59.89	0.005	-0.001
59.91	0.005	
60.02	0.005	-0.003
60.03	0.005	-0.004
60.04	0.005	-0.004
60.06	0.005	-0.004
60.07	0.005	-0.004
60.08	0.005	-0.004
60.09	0.005	-0.004
60.11	0.005	
60.22	0.004	
60.33	0.003	
60.45	0.002	0.001
60.46	0.002	
60.57	0.001	0.005
60.58	0.000	0.005
60.59	0.000	0.005
60.61		0.008
60.72	-0.002	0.008
60.73	-0.003	
60.85	-0.006	0.009
60.86	-0.006	0.009
60.87	-0.006	0.009
60.88	-0.006	0.009
